00001
00005
00006
00009
00010
00012
00013
00019
00020
00022
00023
00026
00027
00029
00030
00031
00033
00034
00036
00039
00040
00050
00054
00056
00059
00064
00065
00067
00068
00072
00073
00079
00081
00086
00091
00093
00094
00099
00100
00101
00105
00106
00107
00109
00113
00117
00121
00123
00124
00127
00130
00131
00134
00135
00138
00140
00143
00145
00146
00147
00148
00150
00153
00155
00156
00157
00159
00165
00168
00169
00170
00172
00175
00183
00184
00185
00186
00188
00196
00197
00199
00203
00207
00208
00209
00211
00214
00215
00221
00224
00225
00226
00230
00231
00235
00237
00241
00243
00245
00249
00256
00258
00265
00268
00269
00273
00277
00282
00283
00285
00289
00293
00295
00297
00298
00300
00301
00302
00305
00308
00310
00316
00317
00318
00319
00321
00324
00326
00329
00330
00334
00335
00336
00337
00340
00341
00342
00345
00352
00354
00357
00361
00362
00367
00368
00369
00371
00377
00380
00381
00386
00388
00389
00390
00393
00394
00395
00400
00401
00402
00403
00404
00412
00413
00414
00416
00419
00424
00425
00426
00430
00442
00443
00445
00448
00450
00452
00454
00457
00461
00466
00468
00470
00471
00472
00473
00474
00475
00478
00480
00481
00483
00489
00491
00493
00503
00504
00505
00507
00509
00510
00512
00513
00515
00520
00524
00525
00528
00529
00530
00534
00535
00542
00543
00544
00548
00551
00554
00559
00561
00567
00568
00574
00575
00579
00583
00588
00589
00590
00592
00595
00597
00598
00599
00603
00608
00609
00611
00613
00617
00618
00619
00621
00625
00631
00637
00638
00645
00646
00647
00653
00657
00658
00659
00660
00663
00681
00683
00685
00686
00695
00696
00697
00698
00699
00700
00703
00706
00709
00715
00719
00725
00727
00733
00734
00736
00737
00741
00742
00745
00746
00750
00755
00757
00758
00760
00762
00763
00764
00767
00768
00769
00771
00774
00777
00781
00783
00785
00786
00789
00790
00794
00797
00799
00801
00802
00803
00806
00810
00811
00815
00819
00820
00823
00824
00826
00827
00829
00830
00833
00836
00839
00842
00843
00848
00849
00854
00858
00864
00865
00872
00878
00881
00882
00883
00884
00885
00887
00889
00890
00893
00898
00899
00900
00901
00902
00904
00905
00910
00911
00918
00919
00921
00922
00923
00929
00931
00939
00943
00944
00945
00948
00949
00951
00954
00958
00961
00962
00963
00964
00972
00974
00976
00979
00981
00986
00988
00989
00990
00994
00996
01000
01003
01004
01005
01006
01007
01015
01016
01017
01021
01022
01024
01025
01027
01028
01031
01032
01035
01037
01041
01042
01048
01049
01050
01051
01052
01054
01055
01057
01058
01060
01061
01064
01065
01068
01070
01071
01073
01074
01078
01084
01085
01086
01089
01093
01096
01097
01098
01107
01108
01113
01115
01116
01118
01123
01127
01130
01139
01144
01145
01146
01149
01151
01153
01156
01160
01161
01165
01166
01168
01169
01170
01172
01175
01176
01177
01180
01182
01183
01189
01190
01194
01196
01198
01206
01209
01211
01212
01222
01223
01224
01227
01231
01233
01234
01236
01238
01240
01241
01242
01246
01248
01249
01250
01251
01253
01255
01265
01267
01268
01271
01273
01274
01276
01278
01279
01284
01285
01287
01288
01290
01291
01297
01298
01302
01305
01308
01309
01310
01311
01313
01318
01319
01325
01326
01331
01339
01341
01343
01345
01349
01357
01359
01360
01361
01362
01363
01364
01366
01367
01369
01370
01372
01378
01379
01380
01381
01382
01384
01385
01386
01389
01391
01400
01401
01404
01407
01408
01413
01414
01415
01416
01417
01420
01422
01430
01431
01432
01436
01439
01441
01443
01445
01447
01448
01449
01451
01453
01454
01458
01459
01460
01463
01464
01465
01466
01470
01471
01472
01475
01478
01479
01482
01483
01486
01487
01489
01490
01491
01494
01497
01498
01499
01500
01503
01505
01506
01507
01511
01519
01521
01522
01523
01525
01529
01530
01533
01534
01536
01540
01541
01542
01543
01545
01547
01550
01551
01553
01554
01555
01556
01558
01559
01564
01566
01570
01571
01573
01574
01575
01576
01580
01584
01589
01591
01594
01598
01602
01607
01608
01610
01611
01612
01614
01615
01624
01629
01631
01633
01640
01641
01644
01645
01646
01648
01651
01652
01665
01670
01672
01673
01676
01680
01684
01685
01686
01689
01691
01698
01699
01704
01709
01713
01717
01720
01723
01730
01731
01734
01737
01738
01740
01745
01746
01750
01751
01756
01758
01760
01762
01764
01765
01767
01773
01775
01776
01777
01779
01786
01787
01789
01792
01794
01796
01797
01798
01800
01801
01803
01804
01805
01806
01810
01814
01815
01816
01817
01822
01823
01824
01829
01835
01836
01837
01840
01843
01845
01846
01850
01853
01858
01859
01860
01861
01865
01867
01868
01874
01876
01877
01881
01882
01889
01890
01891
01892
01898
01899
01900
01901
01904
01905
01907
01910
01915
01919
01924
01927
01933
01935
01937
01938
01940
01941
01945
01950
01953
01954
01960
01962
01965
01966
01971
01972
01974
01976
01984
01985
01986
01988
01990
01991
01996
01997
01999
02004
02005
02006
02007
02008
02011
02012
02014
02017
02022
02023
02025
02026
02027
02034
02035
02037
02040
02041
02043
02046
02047
02049
02050
02055
02056
02060
02061
02062
02063
02064
02069
02072
02077
02078
02084
02091
02092
02093
02094
02096
02102
02103
02106
02107
02109
02119
02126
02127
02130
02131
02132
02133
02134
02135
02136
02137
02138
02139
02143
02145
02146
02150
02151
02152
02155
02158
02160
02161
02164
02168
02170
02172
02182
02185
02186
02187
02189
02190
02192
02193
02194
02196
02202
02203
02204
02207
02208
02212
02217
02225
02227
02230
02232
02237
02243
02247
02251
02253
02257
02258
02262
02263
02265
02268
02270
02271
02273
02278
02279
02283
02284
02287
02288
02295
02297
02301
02308
02320
02324
02331
02339
02340
02341
02347
02353
02356
02357
02358
02360
02363
02364
02370
02373
02376
02377
02384
02386
02387
02390
02391
02396
02397
02398
02402
02405
02406
02410
02412
02421
02425
02426
02429
02431
02433
02437
02440
02443
02444
02450
02453
02455
02459
02464
02467
02469
02471
02476
02479
02482
02488
02490
02492
02493
02494
02495
02498
02500
02504
02512
02514
02515
02516
02520
02525
02529
02531
02532
02533
02537
02539
02542
02544
02548
02551
02552
02553
02557
02563
02566
02567
02569
02570
02571
02572
02573
02574
02577
02578
02584
02586
02588
02593
02595
02599
02600
02601
02602
02603
02607
02609
02610
02612
02616
02618
02621
02625
02626
02631
02632
02634
02637
02639
02642
02644
02655
02657
02660
02662
02663
02664
02665
02666
02668
02672
02674
02680
02685
02686
02687
02692
02693
02695
02696
02700
02701
02705
02706
02707
02708
02709
02710
02712
02716
02720
02721
02724
02725
02726
02727
02731
02732
02742
02743
02744
02745
02747
02749
02753
02754
02755
02758
02759
02761
02764
02766
02770
02771
02773
02774
02775
02776
02780
02781
02783
02789
02804
02808
02809
02816
02818
02820
02823
02829
02831
02832
02835
02840
02841
02843
02849
02850
02852
02854
02855
02859
02862
02867
02870
02871
02872
02874
02881
02883
02887
02888
02892
02894
02897
02903
02906
02907
02908
02909
02910
02913
02915
02918
02919
02922
02925
02927
02928
02935
02939
02941
02942
02945
02946
02951
02952
02953
02954
02962
02963
02965
02966
02967
02968
02969
02970
02978
02979
02983
02985
02986
02990
02991
02993
02997
02998
02999
03001
03003
03005
03008
03011
03012
03014
03016
03017
03019
03021
03024
03028
03029
03030
03031
03033
03035
03036
03041
03046
03049
03051
03052
03053
03054
03058
03061
03062
03068
03070
03071
03073
03077
03079
03083
03086
03092
03099
03100
03103
03107
03109
03110
03111
03114
03116
03117
03119
03120
03123
03124
03125
03139
03142
03144
03146
03148
03153
03158
03162
03163
03164
03167
03169
03175
03176
03182
03184
03186
03192
03194
03195
03197
03201
03203
03205
03207
03209
03210
03212
03218
03220
03222
03223
03225
03226
03233
03234
03236
03237
03241
03242
03243
03250
03254
03256
03257
03260
03262
03263
03265
03266
03268
03270
03271
03273
03274
03275
03276
03277
03279
03281
03282
03287
03290
03291
03292
03297
03300
03302
03308
03310
03314
03315
03321
03323
03324
03327
03330
03333
03334
03338
03339
03341
03346
03349
03350
03353
03358
03359
03360
03363
03364
03366
03367
03368
03369
03370
03375
03376
03380
03381
03389
03391
03395
03396
03399
03401
03402
03403
03405
03409
03410
03411
03412
03413
03414
03416
03422
03427
03430
03433
03441
03443
03451
03452
03453
03454
03456
03458
03460
03462
03468
03476
03482
03483
03484
03486
03487
03492
03494
03499
03502
03507
03509
03512
03513
03514
03516
03523
03524
03527
03534
03536
03537
03538
03539
03540
03541
03543
03545
03546
03548
03549
03550
03551
03552
03558
03559
03561
03563
03566
03567
03570
03572
03574
03581
03584
03585
03590
03593
03595
03596
03599
03601
03606
03609
03612
03616
03619
03621
03627
03628
03629
03630
03631
03632
03633
03634
03636
03644
03647
03648
03650
03652
03657
03658
03666
03672
03674
03677
03680
03681
03682
03684
03685
03687
03694
03696
03697
03698
03704
03706
03707
03709
03710
03711
03712
03719
03721
03723
03726
03727
03728
03739
03743
03745
03749
03753
03759
03764
03766
03769
03772
03773
03778
03780
03782
03785
03786
03787
03790
03793
03796
03799
03800
03804
03805
03807
03813
03815
03817
03831
03832
03835
03839
03840
03849
03851
03853
03855
03857
03858
03859
03864
03865
03867
03870
03873
03874
03876
03877
03878
03879
03881
03885
03890
03891
03892
03895
03897
03898
03902
03903
03906
03907
03908
03909
03915
03920
03925
03934
03936
03937
03943
03951
03953
03954
03956
03957
03959
03961
03966
03967
03968
03978
03983
03986
03987
03989
03990
03992
03999
04002
04004
04008
04011
04012
04013
04021
04025
04034
04035
04036
04039
04040
04049
04050
04054
04057
04058
04059
04060
04063
04068
04070
04083
04084
04099
04101
04103
04104
04105
04108
04110
04112
04115
04116
04117
04118
04119
04125
04126
04127
04130
04132
04136
04139
04143
04144
04145
04146
04149
04151
04152
04153
04154
04156
04157
04159
04161
04162
04164
04167
04176
04180
04183
04186
04188
04189
04190
04195
04196
04197
04206
04209
04211
04217
04219
04220
04222
04223
04227
04229
04231
04232
04234
04237
04239
04242
04245
04248
04249
04250
04255
04262
04264
04265
04269
04270
04278
04283
04284
04285
04289
04297
04298
04302
04306
04308
04310
04312
04313
04316
04318
04319
04321
04325
04326
04327
04329
04330
04335
04337
04343
04345
04346
04348
04349
04350
04351
04354
04355
04366
04368
04370
04371
04373
04374
04386
04390
04391
04394
04395
04400
04401
04402
04404
04406
04407
04414
04417
04419
04421
04424
04427
04430
04431
04433
04439
04440
04446
04450
04452
04453
04456
04457
04458
04459
04460
04466
04471
04475
04481
04484
04489
04490
04491
04494
04496
04501
04504
04505
04510
04511
04515
04519
04523
04524
04528
04532
04534
04535
04537
04541
04542
04544
04546
04549
04550
04553
04554
04555
04556
04559
04560
04564
04566
04572
04574
04575
04577
04578
04581
04582
04584
04585
04589
04592
04595
04599
04603
04607
04611
04613
04614
04619
04623
04624
04628
04630
04631
04634
04638
04640
04641
04649
04652
04657
04660
04663
04665
04667
04668
04670
04674
04678
04680
04682
04685
04689
04690
04691
04692
04698
04702
04708
04710
04711
04717
04721
04723
04724
04725
04726
04727
04729
04731
04733
04734
04736
04737
04738
04744
04746
04748
04749
04750
04760
04761
04762
04773
04775
04776
04779
04780
04781
04786
04789
04793
04797
04798
04801
04802
04803
04805
04807
04808
04810
04811
04815
04816
04817
04818
04821
04823
04828
04832
04833
04836
04838
04840
04843
04850
04851
04853
04855
04857
04858
04859
04862
04864
04865
04868
04869
04870
04873
04874
04877
04878
04881
04892
04893
04897
04898
04899
04900
04901
04903
04906
04907
04908
04909
04912
04913
04916
04917
04921
04922
04924
04928
04929
04932
04934
04936
04937
04946
04950
04953
04960
04962
04964
04965
04968
04974
04983
04985
04996
04998
05003
05010
05012
05017
05021
05024
05028
05029
05031
05034
05036
05041
05042
05046
05049
05050
05052
05056
05057
05058
05059
05060
05065
05067
05071
05076
05077
05078
05080
05083
05085
05088
05093
05095
05098
05100
05102
05106
05109
05110
05111
05112
05117
05119
05122
05128
05129
05130
05132
05135
05136
05138
05139
05142
05144
05146
05147
05152
05153
05155
05160
05166
05170
05174
05178
05180
05183
05191
05192
05194
05198
05201
05203
05208
05209
05210
05211
05212
05216
05219
05220
05222
05231
05232
05234
05236
05238
05245
05249
05252
05254
05269
05275
05276
05283
05286
05289
05290
05291
05298
05303
05306
05314
05316
05321
05327
05328
05329
05331
05332
05333
05336
05338
05340
05342
05343
05346
05347
05353
05356
05357
05359
05360
05364
05368
05371
05372
05373
05378
05379
05380
05385
05386
05387
05388
05389
05390
05392
05393
05395
05397
05399
05400
05402
05405
05411
05413
05414
05415
05416
05417
05418
05419
05427
05428
05429
05430
05432
05439
05444
05446
05447
05450
05451
05452
05453
05454
05459
05464
05468
05469
05472
05479
05480
05484
05485
05486
05488
05499
05502
05504
05508
05514
05519
05521
05522
05523
05527
05529
05534
05535
05536
05538
05540
05545
05546
05549
05550
05551
05553
05555
05558
05559
05561
05571
05576
05589
05592
05594
05599
05601
05606
05609
05610
05612
05613
05621
05626
05628
05630
05633
05634
05636
05640
05642
05643
05644
05647
05648
05650
05654
05655
05656
05658
05659
05663
05665
05666
05668
05669
05671
05672
05675
05677
05682
05684
05687
05688
05690
05696
05697
05700
05702
05705
05706
05707
05710
05713
05716
05721
05723
05724
05725
05726
05727
05728
05729
05732
05739
05742
05746
05747
05751
05753
05759
05763
05764
05769
05772
05773
05776
05777
05778
05780
05782
05783
05784
05787
05789
05790
05793
05795
05796
05797
05800
05801
05806
05811
05812
05815
05820
05822
05837
05838
05840
05841
05842
05847
05850
05853
05857
05859
05863
05867
05872
05873
05874
05875
05878
05882
05885
05894
05897
05899
05904
05906
05908
05911
05917
05920
05923
05926
05933
05935
05937
05938
05940
05945
05947
05949
05951
05954
05962
05963
05964
05965
05970
05971
05974
05977
05983
05986
05987
05989
05992
05993
05995
05999
06000
06012
06013
06015
06017
06019
06020
06022
06025
06029
06030
06032
06035
06036
06038
06039
06042
06045
06047
06048
06049
06050
06051
06053
06054
06055
06059
06060
06061
06064
06067
06071
06073
06075
06078
06079
06082
06083
06085
06094
06097
06100
06101
06104
06115
06116
06117
06119
06122
06128
06129
06131
06133
06144
06149
06153
06155
06156
06157
06158
06159
06162
06163
06165
06167
06169
06170
06173
06177
06180
06181
06183
06184
06188
06190
06194
06196
06205
06206
06209
06214
06215
06218
06232
06234
06240
06246
06248
06250
06253
06254
06255
06256
06257
06260
06261
06267
06268
06271
06274
06276
06278
06282
06285
06286
06288
06289
06293
06295
06302
06303
06305
06308
06310
06325
06329
06333
06335
06353
06355
06360
06362
06365
06368
06370
06373
06374
06378
06379
06382
06386
06389
06390
06392
06393
06396
06398
06402
06403
06405
06415
06417
06424
06427
06428
06434
06444
06449
06474
06477
06478
06480
06483
06484
06485
06494
06495
06496
06501
06503
06504
06509
06517
06520
06523
06525
06527
06528
06531
06533
06534
06538
06539
06542
06544
06550
06555
06558
06559
06560
06561
06562
06563
06565
06566
06570
06575
06577
06582
06583
06586
06589
06590
06594
06596
06598
06600
06601
06602
06606
06607
06612
06616
06619
06625
06627
06628
06629
06630
06633
06635
06636
06638
06639
06647
06652
06654
06657
06661
06663
06666
06668
06669
06672
06682
06683
06688
06690
06691
06695
06696
06702
06709
06712
06715
06716
06719
06720
06721
06723
06724
06730
06739
06744
06745
06746
06747
06749
06752
06759
06760
06762
06766
06767
06772
06783
06788
06790
06795
06799
06800
06805
06808
06809
06810
06811
06812
06813
06814
06820
06825
06826
06836
06837
06838
06840
06841
06847
06851
06852
06855
06857
06860
06861
06862
06868
06870
06871
06872
06873
06874
06878
06880
06881
06884
06885
06886
06889
06892
06894
06895
06898
06902
06905
06907
06913
06917
06925
06926
06927
06928
06929
06935
06936
06937
06940
06942
06943
06949
06950
06956
06957
06959
06970
06971
06972
06973
06976
06977
06982
06989
06992
06993
06995
06996
06999
07009
07011
07014
07015
07016
07019
07022
07030
07031
07034
07035
07039
07041
07052
07053
07054
07055
07056
07057
07058
07061
07068
07069
07072
07073
07078
07079
07083
07084
07085
07090
07093
07096
07098
07099
07106
07111
07112
07114
07116
07120
07121
07129
07130
07132
07133
07140
07141
07142
07143
07146
07147
07148
07150
07152
07155
07156
07158
07160
07161
07165
07167
07170
07171
07177
07179
07181
07182
07183
07185
07187
07191
07194
07196
07197
07198
07200
07203
07207
07210
07212
07220
07225
07226
07231
07232
07237
07238
07239
07240
07243
07244
07245
07248
07254
07260
07262
07263
07264
07269
07270
07272
07274
07276
07277
07289
07291
07295
07298
07303
07305
07306
07309
07310
07312
07313
07316
07317
07319
07321
07323
07327
07328
07330
07331
07333
07334
07335
07349
07352
07353
07354
07359
07363
07364
07365
07372
07374
07375
07379
07380
07382
07385
07386
07389
07396
07399
07400
07401
07402
07403
07404
07405
07406
07408
07409
07410
07411
07412
07422
07426
07427
07428
07432
07435
07438
07439
07441
07442
07447
07449
07450
07451
07452
07454
07457
07467
07469
07470
07478
07481
07486
07487
07488
07490
07492
07493
07502
07504
07505
07506
07507
07509
07511
07512
07513
07517
07519
07524
07525
07527
07530
07531
07533
07538
07539
07540
07542
07545
07546
07547
07549
07555
07557
07559
07562
07566
07567
07568
07570
07571
07573
07575
07577
07579
07582
07584
07587
07593
07594
07595
07596
07600
07609
07610
07611
07613
07615
07617
07619
07622
07623
07626
07629
07633
07634
07636
07639
07646
07649
07651
07652
07654
07655
07658
07659
07661
07663
07666
07668
07669
07673
07677
07679
07681
07682
07684
07686
07690
07694
07695
07696
07706
07709
07718
07719
07723
07724
07726
07728
07730
07733
07738
07739
07741
07743
07746
07748
07750
07752
07755
07761
07762
07765
07770
07779
07785
07787
07788
07796
07797
07798
07803
07805
07810
07813
07815
07819
07820
07823
07829
07832
07834
07835
07836
07837
07840
07843
07844
07845
07848
07851
07852
07853
